0.060000 0.000000
0.140000 0.000000
0.140000 0.000000
0.130000 0.000000
0.150000 0.000000
0.140000 0.000000
0.120000 0.000000
0.090000 0.000000
0.070000 0.000000
0.100000 0.000000
0.110000 0.000000
0.110000 0.000000
0.170000 0.000000
0.110000 0.000000
0.060000 0.000000
0.100000 0.000000
0.140000 0.000000
0.160000 0.000000
0.120000 0.000000
0.210000 0.000000
0.100000 0.000000
0.140000 0.000000
0.130000 1.000000
0.100000 0.000000
0.150000 0.000000
0.100000 0.000000
0.140000 0.000000
0.110000 0.000000
0.090000 0.000000
0.160000 0.000000
0.080000 0.000000
0.120000 0.000000
0.130000 0.000000
0.070000 0.000000
0.130000 0.000000
0.120000 0.000000
0.090000 0.000000
0.110000 0.000000
0.130000 0.000000
0.100000 0.000000
0.080000 0.000000
0.090000 0.000000
0.160000 0.000000
0.180000 0.000000
0.180000 0.000000
0.180000 0.000000
0.130000 0.000000
0.120000 0.000000
0.110000 0.000000
0.110000 0.000000
0.130000 0.000000
0.080000 0.000000
0.140000 0.000000
0.170000 0.000000
0.130000 0.000000
0.150000 0.000000
0.220000 0.000000
0.150000 0.000000
0.170000 0.000000
0.280000 0.000000
0.190000 0.000000
0.220000 0.000000
0.210000 0.000000
0.130000 1.000000
0.300000 0.000000
0.150000 0.000000
0.250000 0.000000
0.110000 0.000000
0.270000 0.000000
0.260000 0.000000
0.210000 0.000000
0.280000 0.000000
0.220000 0.000000
0.210000 0.000000
0.180000 0.000000
0.200000 0.000000
0.230000 0.000000
0.310000 0.000000
0.190000 0.000000
0.490000 0.000000
0.150000 0.000000
0.150000 0.000000
0.600000 0.000000
0.270000 0.000000
0.250000 0.000000
0.410000 0.000000
0.220000 0.000000
1.360000 0.000000
12.680000 0.000000
31.400000 1.000000
29.490000 0.000000
41.490000 0.000000
72.330000 1.000000
81.070000 1.000000
153.500000 1.000000
371.320000 1.000000
2515.920000 2.000000
14832.380000 0.000000
81424.340000 2.000000
184055.290000 4.000000
187540.400000 5.000000
304293.550000 8.000000
473850.870000 6.000000
569309.300000 6.000000
807436.350000 8.000000
735064.150000 4.000000
793792.030000 9.000000
841674.510000 9.000000
942673.740000 9.000000
994898.790000 3.000000
1284656.790000 8.000000
1880311.880000 7.000000
1139375.260000 9.000000
1281051.000000 17.000000
1556286.730000 12.000000
3653352.850000 12.000000
4039000.710000 15.000000
3479434.540000 12.000000
5373674.230000 12.000000
2583889.440000 16.000000
1751956.570000 14.000000
3408697.230000 16.000000
3036255.780000 12.000000
2181010.290000 18.000000
2368628.360000 22.000000
1970584.140000 17.000000
3491478.230000 19.000000
3835778.120000 20.000000
4124573.640000 14.000000
3419107.920000 10.000000
3532061.640000 21.000000
3088583.830000 21.000000
2591324.180000 23.000000
1739811.470000 16.000000
2305196.720000 14.000000
1713015.700000 7.000000
447901.670000 9.000000
201354.170000 18.000000
154378.900000 28.000000
334442.120000 22.000000
234409.160000 9.000000
369182.050000 12.000000
60130.860000 21.000000
51200.120000 34.000000
54765.850000 35.000000
107929.770000 46.000000
47349.120000 40.000000
58224.780000 40.000000
51676.930000 43.000000
44704.340000 41.000000
77368.680000 42.000000
73748.950000 46.000000
54821.470000 42.000000
54717.480000 57.000000
68948.160000 53.000000
44802.570000 52.000000
49527.830000 44.000000
32741.960000 58.000000
43392.680000 52.000000
48270.610000 63.000000
43231.950000 59.000000
38891.070000 57.000000
42532.720000 59.000000
33797.130000 61.000000
29905.950000 57.000000
30460.330000 54.000000
23962.830000 63.000000
20870.940000 55.000000
15484.910000 61.000000
26439.710000 59.000000
18543.670000 54.000000
41732.320000 61.000000
17320.430000 63.000000
19234.710000 58.000000
19833.400000 61.000000
17819.400000 58.000000
10574.520000 58.000000
16201.790000 61.000000
7509.620000 60.000000
4045.600000 64.000000
8958.710000 59.000000
2646.840000 55.000000
2195.120000 65.000000
1653.340000 62.000000
759.310000 59.000000
521.210000 67.000000
225.570000 66.000000
83.640000 47.000000
62.890000 59.000000
19.690000 45.000000
17.520000 33.000000
11.250000 21.000000
7.080000 25.000000
5.910000 29.000000
4.890000 8.000000
2.780000 20.000000
2.160000 6.000000
2.430000 10.000000
2.510000 2.000000
1.780000 1.000000
2.090000 1.000000
2.250000 0.000000
0.880000 1.000000
1.820000 1.000000
0.560000 0.000000
1.360000 0.000000
1.140000 0.000000
0.480000 0.000000
1.210000 1.000000
0.470000 1.000000
0.450000 0.000000
1.400000 0.000000
0.430000 0.000000
0.830000 0.000000
0.990000 0.000000
1.150000 0.000000
0.400000 0.000000
0.650000 0.000000
0.520000 0.000000
0.440000 0.000000
0.340000 0.000000
0.400000 0.000000
0.630000 0.000000
0.370000 0.000000
2.450000 0.000000
0.320000 0.000000
0.800000 0.000000
1.130000 0.000000
1.200000 0.000000
1.000000 0.000000
0.990000 0.000000
0.340000 0.000000
0.350000 0.000000
0.720000 0.000000
0.200000 0.000000
0.400000 0.000000
0.700000 0.000000
1.050000 0.000000
0.630000 0.000000
0.540000 0.000000
0.990000 0.000000
1.180000 0.000000
1.140000 0.000000
0.720000 0.000000
0.520000 0.000000
0.300000 0.000000
1.620000 0.000000
0.380000 0.000000
1.090000 0.000000
0.610000 0.000000
0.330000 0.000000
0.700000 0.000000
0.670000 0.000000
0.510000 0.000000
0.460000 0.000000
0.360000 0.000000
0.960000 0.000000
